resource: #0
   id: #0
      handle: 6895733818091600993
   name: "Ploygon"
fixture_count: 1
shape: 3
shape_data: { 5, [ #0
   x: -5.170747
   y: 3.742053, #0
   x: 3.600000
   y: 4.600000, #0
   x: 4.600000
   y: -1.400000, #0
   x: -1.100422
   y: -4.640507, #0
   x: -7.400000
   y: -2.400000 ] }