resource: #0
   id: 6895733820386901951
   name: "CircleDA"
fixture_count: 1
shape: 0
shape_data: #0
   center: #0
      x: 0.000000
      y: 0.000000
   radius: 0.600000