resource: #0
   id: #0
      handle: 6895733818091600993
   name: "Ploygon"
fixture_count: 1
shape: 3
shape_data: { 5, [ #0
   x: -0.375562
   y: 0.527392, #0
   x: 0.263116
   y: 0.563147, #0
   x: 0.608682
   y: 0.081924, #0
   x: 0.147475
   y: -0.496039, #0
   x: -0.627110
   y: -0.109124 ] }