resource: #0
   id: #0
      handle: 6895733817534399694
   name: "Capsule and Circle"
fixture_count: 2
shape: 2
shape_data: #0
   a: #0
      x: -0.185610
      y: -0.034824
   b: #0
      x: 0.043410
      y: 0.177024
   radius: 0.100000
shape: 0
shape_data: #0
   center: #0
      x: 0.020314
      y: -0.020314
   radius: 0.100000