resource: #0
   id: #0
      handle: 6897847144059561968
   name: "block"
fixture_count: 1
shape: 3
shape_data: { 4, [ #0
   x: -0.417862
   y: -0.200000, #0
   x: -0.222222
   y: 0.254712, #0
   x: 0.281294
   y: 0.254571, #0
   x: 0.462869
   y: -0.200000 ] }