resource: #0
   id: #0
      handle: 6897853278715720882
   name: "try"
fixture_count: 1
shape: 3
shape_data: { 5, [ #0
   x: -0.493606
   y: -0.145954, #0
   x: -0.273726
   y: 0.206793, #0
   x: -0.087912
   y: 0.479620, #0
   x: 0.321678
   y: 0.444556, #0
   x: 0.100000
   y: -0.100000 ] }