resource: #0
   id: #0
      handle: 6898570255059646053
   name: "stone"
fixture_count: 1
shape: 3
shape_data: { 9, [ #0
   x: 0.036880
   y: -0.140426, #0
   x: -0.068085
   y: -0.126241, #0
   x: -0.164539
   y: -0.049645, #0
   x: -0.159574
   y: 0.056028, #0
   x: -0.093617
   y: 0.148936, #0
   x: 0.065248
   y: 0.179433, #0
   x: 0.178724
   y: 0.117730, #0
   x: 0.184397
   y: -0.018440, #0
   x: 0.136879
   y: -0.111348 ] }