header: #0
   id: #0
      handle: 6933992933265485566
   name: "(unnamed)"
   texture: "arc.png"
uv: #0
   min: #0
      x: 0.000000
      y: 0.000000
   max: #0
      x: 1.000000
      y: 1.000000
fixture_count: 1
shape: 3
shape_data: { 6, [ #0
   x: -0.412945
   y: -0.481224, #0
   x: -0.503556
   y: 0.174964, #0
   x: -0.244666
   y: 0.445235, #0
   x: 0.005690
   y: 0.487909, #0
   x: 0.207681
   y: 0.432859, #0
   x: 0.469844
   y: -0.495448 ] }