header: #0
   id: #0
      handle: 6898574762388780984
   type: 2
   position: #0
      x: 22.251062
      y: 14.619745
resource: #0
   handle: 6898570255059646053
data: #0
   color: #0
      x: 1.000000
      y: 1.000000
      z: 1.000000
      w: 1.000000
body: #0
   type: 0
   imass: 0.000000
   drag: 5.000000
   restitution: 0.000000
   transform: #0
      p: #0
         x: 22.251062
         y: 14.619745
      xform: 
         rows: [ #0
            x: 2.962442
            y: 4.230474, #0
            x: -5.492572
            y: 3.846242 ]