header: #0
   id: #0
      handle: 6898545027483202505
   type: 0
   position: #0
      x: 1.002803
      y: -0.594353
data: #0
   distance: 0.750000
   target_position: #0
      x: 1.002852
      y: -0.594394
   target_distance: 0.750000
   follow_factor: 0.971400
   zoom_factor: 0.800000
   behaviour: 3