header: #0
   id: #0
      handle: 6898577055523238613
   type: 2
   position: #0
      x: 18.105816
      y: 18.129259
resource: #0
   handle: 6898573268526036990
data: #0
   color: #0
      x: 1.000000
      y: 1.000000
      z: 1.000000
      w: 1.000000
body: #0
   type: 0
   imass: 0.000000
   drag: 5.000000
   restitution: 0.000000
   transform: #0
      p: #0
         x: 18.105816
         y: 18.129259
      xform: 
         rows: [ #0
            x: -2.839614
            y: 1.397985, #0
            x: -1.397985
            y: -2.839614 ]