header: #0
   id: #0
      handle: 6898547373001142271
   type: 2
   position: #0
      x: -3.947438
      y: 4.375552
resource: #0
   id: #0
      handle: 6898547373001142271
   fixture_id: #0
      handle: 6898546243903842155
data: #0
   color: #0
      x: 1.000000
      y: 1.000000
      z: 1.000000
      w: 1.000000
body: #0
   type: 0
   imass: 0.000000
   drag: 5.000000
   restitution: 0.000000
   transform: #0
      p: #0
         x: -3.947438
         y: 4.375552
      xform: 
         rows: [ #0
            x: -5.729511
            y: 0.007075, #0
            x: -0.007075
            y: -5.729511 ]