header: #0
   id: #0
      handle: 6898599735581982463
   type: 2
   position: #0
      x: -46.982719
      y: 7.420687
data: #0
   color: #0
      x: 1.000000
      y: 1.000000
      z: 1.000000
      w: 1.000000
body: #0
   type: 0
   imass: 0.000000
   drag: 5.000000
   restitution: 0.000000
   transform: #0
      p: #0
         x: -46.982719
         y: 7.420687
      xform: 
         rows: [ #0
            x: 4.763311
            y: 3.171222, #0
            x: -3.171222
            y: 4.763311 ]