header: #0
   id: #0
      handle: 6898543709760815511
   type: 1
   position: #0
      x: -2.575436
      y: 0.543130
resource: #0
   id: #0
      handle: 6898543709760815511
   fixture_id: #0
      handle: 6895733819830550519
data: #0
   radius: 0.250000
   color: #0
      x: 0.000000
      y: 1.000000
      z: 1.000000
      w: 1.000000
body: #0
   type: 1
   imass: 1.000000
   drag: 5.000000
   restitution: 0.000000
   transform: #0
      p: #0
         x: -2.575436
         y: 0.543130
      xform: 
         rows: [ #0
            x: 2.353996
            y: 0.000000, #0
            x: 0.000000
            y: 2.353996 ]