header: #0
   id: #0
      handle: 6898576910495994815
   type: 2
   position: #0
      x: 18.066193
      y: 22.169479
resource: #0
   handle: 6898573268526036990
data: #0
   color: #0
      x: 1.000000
      y: 1.000000
      z: 1.000000
      w: 1.000000
body: #0
   type: 0
   imass: 0.000000
   drag: 5.000000
   restitution: 0.000000
   transform: #0
      p: #0
         x: 18.066193
         y: 22.169479
      xform: 
         rows: [ #0
            x: 2.695447
            y: -1.659016, #0
            x: 1.659016
            y: 2.695447 ]