header: #0
   id: #0
      handle: 6898573645450796927
   type: 2
   position: #0
      x: 17.732918
      y: 13.123395
data: #0
   color: #0
      x: 1.000000
      y: 1.000000
      z: 1.000000
      w: 1.000000
body: #0
   type: 0
   imass: 0.000000
   drag: 5.000000
   restitution: 0.000000
   transform: #0
      p: #0
         x: 17.732918
         y: 13.123395
      xform: 
         rows: [ #0
            x: -3.124897
            y: 1.647273, #0
            x: -1.647273
            y: -3.124897 ]