header: #0
   id: #0
      handle: 6898597737425771449
   type: 2
   position: #0
      x: -49.051517
      y: 11.478730
resource: #0
   handle: 6898597736559341565
data: #0
   color: #0
      x: 1.000000
      y: 1.000000
      z: 1.000000
      w: 1.000000
body: #1
   type: 0
   imass: 0.000000
   drag: 5.000000
   restitution: 0.000000
   gravity: 0.000000
   transform: #0
      p: #0
         x: -49.051517
         y: 11.478730
      xform: 
         rows: [ #0
            x: 4.950295
            y: 0.000000, #0
            x: 0.000000
            y: 4.950295 ]