header: #0
   id: #0
      handle: 6898596178222764902
   type: 2
   position: #0
      x: -43.857330
      y: 9.776146
data: #1
   color: #0
      x: 1.000000
      y: 1.000000
      z: 1.000000
      w: 1.000000
   texture_rect: #0
      min: #0
         x: 0.000000
         y: 0.000000
      max: #0
         x: 0.000000
         y: 0.000000
body: #0
   type: 0
   imass: 0.000000
   drag: 5.000000
   restitution: 0.000000
   transform: #0
      p: #0
         x: -43.857330
         y: 9.776146
      xform: 
         rows: [ #0
            x: 3.248396
            y: 0.000000, #0
            x: 0.000000
            y: 3.835536 ]