header: #0
   id: #0
      handle: 6898573774562544481
   type: 2
   position: #0
      x: 20.309660
      y: 11.668022
resource: #0
   handle: 6898570255059646053
data: #0
   color: #0
      x: 1.000000
      y: 1.000000
      z: 1.000000
      w: 1.000000
body: #0
   type: 0
   imass: 0.000000
   drag: 5.000000
   restitution: 0.000000
   transform: #0
      p: #0
         x: 20.309660
         y: 11.668022
      xform: 
         rows: [ #0
            x: 4.396202
            y: 3.449444, #0
            x: -3.449444
            y: 4.396202 ]