header: #0
   id: #0
      handle: 6898555176920022959
   type: 2
   position: #0
      x: -8.626771
      y: 7.165642
resource: #0
   handle: 6898544449330201717
data: #1
   rotation: 0.000000
   size: #0
      x: 0.000000
      y: 0.000000
   color: #0
      x: 1.000000
      y: 1.000000
      z: 1.000000
      w: 1.000000
body: #1
   type: 0
   imass: 0.000000
   drag: 5.000000
   restitution: 0.000000
   gravity: 0.000000
   transform: #0
      p: #0
         x: -8.626771
         y: 7.165642
      xform: 
         rows: [ #0
            x: 15.385541
            y: 0.000000, #0
            x: 0.000000
            y: 0.694935 ]