header: #0
   id: #0
      handle: 6898596185787334267
   type: 2
   position: #0
      x: -31.207550
      y: 3.455307
data: #1
   color: #0
      x: 1.000000
      y: 1.000000
      z: 1.000000
      w: 1.000000
   texture_rect: #0
      min: #0
         x: 0.000000
         y: 0.000000
      max: #0
         x: 0.000000
         y: 0.000000
body: #0
   type: 0
   imass: 0.000000
   drag: 5.000000
   restitution: 0.000000
   transform: #0
      p: #0
         x: -31.207550
         y: 3.455307
      xform: 
         rows: [ #0
            x: 6.574676
            y: 1.406471, #0
            x: -1.337753
            y: 6.912405 ]