header: #0
   id: #0
      handle: 6898594746102837295
   type: 2
   position: #0
      x: -37.877808
      y: 16.491991
resource: #0
   handle: 6898571029000383523
data: #0
   color: #0
      x: 1.000000
      y: 1.000000
      z: 1.000000
      w: 1.000000
body: #1
   type: 0
   imass: 0.000000
   drag: 5.000000
   restitution: 0.000000
   gravity: 0.000000
   transform: #0
      p: #0
         x: -37.877808
         y: 16.491991
      xform: 
         rows: [ #0
            x: 16.949137
            y: 0.000000, #0
            x: 0.000000
            y: 16.949137 ]