header: #0
   id: #0
      handle: 6898576847965252602
   type: 2
   position: #0
      x: 15.768808
      y: 20.268209
resource: #0
   handle: 6898570255059646053
data: #0
   color: #0
      x: 1.000000
      y: 1.000000
      z: 1.000000
      w: 1.000000
body: #1
   type: 0
   imass: 0.000000
   drag: 5.000000
   restitution: 0.000000
   gravity: 0.000000
   transform: #0
      p: #0
         x: 15.768808
         y: 20.268209
      xform: 
         rows: [ #0
            x: 1.767253
            y: 8.075206, #0
            x: -8.075206
            y: 1.767253 ]