header: #0
   id: #0
      handle: 6898547742599744148
   type: 2
   position: #0
      x: -3.952522
      y: -3.184578
resource: #0
   handle: 6898546243903842155
data: #0
   color: #0
      x: 1.000000
      y: 1.000000
      z: 1.000000
      w: 1.000000
body: #0
   type: 0
   imass: 0.000000
   drag: 5.000000
   restitution: 0.000000
   transform: #0
      p: #0
         x: -3.952522
         y: -3.184578
      xform: 
         rows: [ #0
            x: -0.009175
            y: 5.729508, #0
            x: -5.729508
            y: -0.009175 ]