header: #0
   id: #0
      handle: 6898548444566810238
   type: 2
   position: #0
      x: -10.148404
      y: 2.597947
resource: #0
   handle: 6898544449330201717
data: #0
   color: #0
      x: 1.000000
      y: 1.000000
      z: 1.000000
      w: 1.000000
body: #0
   type: 0
   imass: 0.000000
   drag: 5.000000
   restitution: 0.000000
   transform: #0
      p: #0
         x: -10.148404
         y: 2.597947
      xform: 
         rows: [ #0
            x: 1.702299
            y: 0.000000, #0
            x: 0.000000
            y: 1.702299 ]