header: #0
   id: #0
      handle: 6898594313843694789
   type: 2
   position: #0
      x: -21.867783
      y: 19.970154
resource: #0
   id: #0
      handle: 6898594313843694789
   fixture_id: #0
      handle: 6895733819830550519
data: #0
   color: #0
      x: 1.000000
      y: 1.000000
      z: 1.000000
      w: 1.000000
body: #0
   type: 0
   imass: 0.000000
   drag: 5.000000
   restitution: 0.000000
   transform: #0
      p: #0
         x: -21.867783
         y: 19.970154
      xform: 
         rows: [ #0
            x: 10.235369
            y: 0.000000, #0
            x: 0.000000
            y: 12.159795 ]