header: #0
   id: #0
      handle: 6898560214761098750
   type: 2
   position: #0
      x: 23.287592
      y: 20.662910
resource: #0
   id: #0
      handle: 6898560214761098750
   fixture_id: #0
      handle: 6898544449330201717
data: #0
   color: #0
      x: 1.000000
      y: 1.000000
      z: 1.000000
      w: 1.000000
body: #0
   type: 0
   imass: 0.000000
   drag: 5.000000
   restitution: 0.000000
   transform: #0
      p: #0
         x: 23.287592
         y: 20.662910
      xform: 
         rows: [ #0
            x: 7.065544
            y: 0.000000, #0
            x: 0.000000
            y: 4.010704 ]