header: #0
   id: #0
      handle: 6898595072397516362
   type: 2
   position: #0
      x: -26.883135
      y: 8.343118
resource: #0
   id: #0
      handle: 6898595072397516362
   fixture_id: #0
      handle: 6898571029000383523
data: #0
   color: #0
      x: 1.000000
      y: 1.000000
      z: 1.000000
      w: 1.000000
body: #0
   type: 0
   imass: 0.000000
   drag: 5.000000
   restitution: 0.000000
   transform: #0
      p: #0
         x: -26.883135
         y: 8.343118
      xform: 
         rows: [ #0
            x: 5.919653
            y: 0.000000, #0
            x: 0.000000
            y: 4.168814 ]