header: #0
   id: #0
      handle: 6898599739238891246
   type: 2
   position: #0
      x: -41.333286
      y: 28.824877
resource: #0
   handle: 6898578698044177885
data: #1
   rotation: 0.000000
   size: #0
      x: 0.000000
      y: 0.000000
   color: #0
      x: 1.000000
      y: 1.000000
      z: 1.000000
      w: 1.000000
body: #1
   type: 0
   imass: 0.000000
   drag: 5.000000
   restitution: 0.000000
   gravity: 0.000000
   transform: #0
      p: #0
         x: -41.333286
         y: 28.824877
      xform: 
         rows: [ #0
            x: 4.763311
            y: 3.171222, #0
            x: -3.171222
            y: 4.763311 ]