header: #0
   id: #0
      handle: 6898572041783850997
   type: 2
   position: #0
      x: 18.326023
      y: 14.060215
resource: #0
   handle: 6898571029000383523
data: #0
   color: #0
      x: 1.000000
      y: 1.000000
      z: 1.000000
      w: 1.000000
body: #1
   type: 0
   imass: 0.000000
   drag: 5.000000
   restitution: 0.000000
   gravity: 0.000000
   transform: #0
      p: #0
         x: 18.326023
         y: 14.060215
      xform: 
         rows: [ #0
            x: -1.025838
            y: 3.599600, #0
            x: -3.599600
            y: -1.025838 ]