header: #0
   id: #0
      handle: 6898596183263870447
   type: 2
   position: #0
      x: -42.566010
      y: 18.672201
data: #1
   color: #0
      x: 1.000000
      y: 1.000000
      z: 1.000000
      w: 1.000000
   texture_rect: #0
      min: #0
         x: 0.000000
         y: 0.000000
      max: #0
         x: 0.000000
         y: 0.000000
body: #0
   type: 0
   imass: 0.000000
   drag: 5.000000
   restitution: 0.000000
   transform: #0
      p: #0
         x: -42.566010
         y: 18.672201
      xform: 
         rows: [ #0
            x: 3.155503
            y: 0.000000, #0
            x: 0.000000
            y: 3.317594 ]