header: #0
   id: #0
      handle: 6898594936064047038
   type: 2
   position: #0
      x: -37.520935
      y: 9.409716
resource: #0
   handle: 6898571029000383523
data: #1
   rotation: 0.000000
   size: #0
      x: 0.000000
      y: 0.000000
   color: #0
      x: 1.000000
      y: 1.000000
      z: 1.000000
      w: 1.000000
body: #1
   type: 0
   imass: 0.000000
   drag: 5.000000
   restitution: 0.000000
   gravity: 0.000000
   transform: #0
      p: #0
         x: -37.520935
         y: 9.409716
      xform: 
         rows: [ #0
            x: 5.919653
            y: 0.000000, #0
            x: 0.000000
            y: 4.168814 ]