header: #0
   id: #0
      handle: 6898570253264897921
   type: 2
   position: #0
      x: 17.786121
      y: 15.638101
resource: #0
   id: #0
      handle: 6898570253264897921
   fixture_id: #0
      handle: 6898570255059646053
data: #0
   color: #0
      x: 1.000000
      y: 1.000000
      z: 1.000000
      w: 1.000000
body: #0
   type: 0
   imass: 0.000000
   drag: 5.000000
   restitution: 0.000000
   transform: #0
      p: #0
         x: 17.786121
         y: 15.638101
      xform: 
         rows: [ #0
            x: 6.281658
            y: 0.000000, #0
            x: 0.000000
            y: 6.281658 ]