header: #0
   id: #0
      handle: 6898574639010147196
   type: 2
   position: #0
      x: 23.097584
      y: 13.201688
resource: #0
   handle: 6898573268526036990
data: #1
   rotation: 0.000000
   size: #0
      x: 0.000000
      y: 0.000000
   color: #0
      x: 1.000000
      y: 1.000000
      z: 1.000000
      w: 1.000000
body: #1
   type: 0
   imass: 0.000000
   drag: 5.000000
   restitution: 0.000000
   gravity: 0.000000
   transform: #0
      p: #0
         x: 23.097584
         y: 22.384150
      xform: 
         rows: [ #0
            x: -3.412086
            y: -4.312766, #0
            x: 4.312766
            y: -3.412086 ]