header: #0
   id: #0
      handle: 6898543709760815511
   type: 1
   position: #0
      x: 16.789913
      y: 11.793313
resource: #0
   handle: 6895733819830550519
data: #0
   radius: 0.700000
   color: #0
      x: 0.999990
      y: 1.000000
      z: 1.000000
      w: 1.000000
body: #0
   type: 1
   imass: 1.000000
   drag: 5.000000
   restitution: 0.000000
   transform: #0
      p: #0
         x: 16.789913
         y: 11.793313
      xform: 
         rows: [ #0
            x: 2.706585
            y: 0.000000, #0
            x: 0.000000
            y: 2.706585 ]