header: #0
   id: #0
      handle: 6898595936177781368
   type: 2
   position: #0
      x: -44.047493
      y: 25.212448
resource: #0
   id: #0
      handle: 6898595936177781368
   fixture_id: #0
      handle: 6898578698044177885
data: #0
   color: #0
      x: 1.000000
      y: 1.000000
      z: 1.000000
      w: 1.000000
body: #0
   type: 0
   imass: 0.000000
   drag: 5.000000
   restitution: 0.000000
   transform: #0
      p: #0
         x: -44.047493
         y: 25.212448
      xform: 
         rows: [ #0
            x: 5.722396
            y: 0.000000, #0
            x: 0.000000
            y: 5.722396 ]