header: #0
   id: #0
      handle: 6926879277599555414
   type: 2
   position: #0
      x: 4.583526
      y: 5.246691
resource: #0
   handle: 6926876976169795315
data: #1
   rotation: -5.172263
   size: #0
      x: 1.923520
      y: 1.000000
   color: #0
      x: 1.000000
      y: 1.000000
      z: 1.000000
      w: 1.000000
body: #1
   type: 0
   imass: 0.000000
   drag: 5.000000
   restitution: 0.500000
   gravity: 0.000000
   transform: #0
      p: #0
         x: 4.583526
         y: 5.246691
      xform: 
         rows: [ #0
            x: 0.853728
            y: -0.896107, #0
            x: 1.723681
            y: 0.443836 ]