header: #0
   id: #0
      handle: 6926879624546743292
   type: 2
   position: #0
      x: 5.041318
      y: 8.067268
resource: #0
   handle: 6926876976169795315
data: #1
   rotation: -4.419118
   size: #0
      x: 1.923520
      y: 1.000000
   color: #0
      x: 1.000000
      y: 1.000000
      z: 1.000000
      w: 1.000000
body: #1
   type: 0
   imass: 0.000000
   drag: 5.000000
   restitution: 0.000000
   gravity: 0.000000
   transform: #0
      p: #0
         x: 5.041318
         y: 8.067268
      xform: 
         rows: [ #0
            x: -0.556058
            y: -0.957304, #0
            x: 1.841393
            y: -0.289084 ]