header: #0
   id: #0
      handle: 6926879946157032540
   type: 2
   position: #0
      x: -3.262778
      y: 9.685474
resource: #0
   handle: 6926876976169795315
data: #1
   rotation: -2.309074
   size: #0
      x: 1.923520
      y: 1.000000
   color: #0
      x: 1.000000
      y: 1.000000
      z: 1.000000
      w: 1.000000
body: #1
   type: 0
   imass: 0.000000
   drag: 5.000000
   restitution: 0.500000
   gravity: 0.000000
   transform: #0
      p: #0
         x: -3.262778
         y: 9.685474
      xform: 
         rows: [ #0
            x: -1.294556
            y: 0.739629, #0
            x: -1.422691
            y: -0.673014 ]