header: #0
   id: #0
      handle: 6926879083426595836
   type: 2
   position: #0
      x: -4.407093
      y: 7.164653
resource: #0
   handle: 6926876976169795315
data: #1
   rotation: -1.702178
   size: #0
      x: 1.923520
      y: 1.000000
   color: #0
      x: 1.000000
      y: 1.000000
      z: 1.000000
      w: 1.000000
body: #1
   type: 0
   imass: 0.000000
   drag: 5.000000
   restitution: 0.500000
   gravity: 0.000000
   transform: #0
      p: #0
         x: -4.407093
         y: 7.164653
      xform: 
         rows: [ #0
            x: -0.251989
            y: 0.991382, #0
            x: -1.906942
            y: -0.131004 ]