header: #0
   id: #0
      handle: 6926886929367333314
   type: 2
   position: #0
      x: -2.163926
      y: 9.613004
resource: #0
   handle: 6926885837700244027
data: #1
   rotation: -2.515129
   size: #0
      x: 1.000000
      y: 1.463262
   color: #0
      x: 1.000000
      y: 1.000000
      z: 1.000000
      w: 1.000000
body: #1
   type: 0
   imass: 0.000000
   drag: 5.000000
   restitution: 0.500000
   gravity: 0.000000
   transform: #0
      p: #0
         x: -2.163926
         y: 9.613004
      xform: 
         rows: [ #0
            x: -0.810106
            y: 0.857887, #0
            x: -0.586284
            y: -1.185398 ]