header: #0
   id: #0
      handle: 6926880089111981819
   type: 2
   position: #0
      x: -2.155158
      y: 10.545120
resource: #0
   handle: 6926876976169795315
data: #1
   rotation: -2.647273
   size: #0
      x: 1.923520
      y: 1.000000
   color: #0
      x: 1.000000
      y: 1.000000
      z: 1.000000
      w: 1.000000
body: #1
   type: 0
   imass: 0.000000
   drag: 5.000000
   restitution: 0.000000
   gravity: 0.000000
   transform: #0
      p: #0
         x: -2.155158
         y: 10.545120
      xform: 
         rows: [ #0
            x: -1.693257
            y: 0.474433, #0
            x: -0.912582
            y: -0.880291 ]