header: #0
   id: #0
      handle: 6926880410916977904
   type: 2
   position: #0
      x: 2.622484
      y: 11.074130
resource: #0
   handle: 6926876976169795315
data: #1
   rotation: -3.587174
   size: #0
      x: 1.923520
      y: 1.000000
   color: #0
      x: 1.000000
      y: 1.000000
      z: 1.000000
      w: 1.000000
body: #1
   type: 0
   imass: 0.000000
   drag: 5.000000
   restitution: 0.500000
   gravity: 0.000000
   transform: #0
      p: #0
         x: 2.622484
         y: 11.074130
      xform: 
         rows: [ #0
            x: -1.735707
            y: -0.430983, #0
            x: 0.829003
            y: -0.902360 ]