header: #0
   id: #0
      handle: 6926891851970477775
   type: 2
   position: #0
      x: -5.323704
      y: 7.847759
resource: #0
   handle: 6926868378442310734
data: #1
   rotation: -4.801450
   size: #0
      x: 2.971830
      y: 0.509959
   color: #0
      x: 1.000000
      y: 1.000000
      z: 1.000000
      w: 1.000000
body: #1
   type: 0
   imass: 0.000000
   drag: 5.000000
   restitution: 0.000000
   gravity: 0.000000
   transform: #0
      p: #0
         x: -5.323704
         y: 7.847759
      xform: 
         rows: [ #0
            x: 0.264322
            y: -0.507938, #0
            x: 2.960049
            y: 0.045358 ]