header: #0
   id: #0
      handle: 6926892743733877876
   type: 2
   position: #0
      x: 3.567007
      y: 3.025842
resource: #0
   handle: 6926868378442310734
data: #1
   rotation: -8.905705
   size: #0
      x: 2.971830
      y: 0.509959
   color: #0
      x: 1.000000
      y: 1.000000
      z: 1.000000
      w: 1.000000
body: #1
   type: 0
   imass: 0.000000
   drag: 5.000000
   restitution: 0.000000
   gravity: 0.000000
   transform: #0
      p: #0
         x: 3.567007
         y: 3.025842
      xform: 
         rows: [ #0
            x: -2.580375
            y: 0.252978, #0
            x: -1.474254
            y: -0.442787 ]