header: #0
   id: #0
      handle: 6926878983721107423
   type: 2
   position: #0
      x: -4.316932
      y: 5.655994
resource: #0
   handle: 6926876976169795315
data: #1
   rotation: -1.281011
   size: #0
      x: 1.923520
      y: 1.000000
   color: #0
      x: 1.000000
      y: 1.000000
      z: 1.000000
      w: 1.000000
body: #1
   type: 0
   imass: 0.000000
   drag: 5.000000
   restitution: 0.500000
   gravity: 0.000000
   transform: #0
      p: #0
         x: -4.316932
         y: 5.655994
      xform: 
         rows: [ #0
            x: 0.549639
            y: 0.958305, #0
            x: -1.843319
            y: 0.285747 ]