header: #0
   id: #0
      handle: 6926887502688873694
   type: 2
   position: #0
      x: 0.083749
      y: 0.433131
resource: #0
   handle: 6926887501941402615
data: #1
   rotation: 0.000000
   size: #0
      x: 0.371113
      y: 0.371113
   color: #0
      x: 1.000000
      y: 1.000000
      z: 1.000000
      w: 1.000000
body: #1
   type: 0
   imass: 0.000000
   drag: 5.000000
   restitution: 0.000000
   gravity: 0.000000
   transform: #0
      p: #0
         x: 0.083749
         y: 0.433131
      xform: 
         rows: [ #0
            x: 0.371113
            y: 0.000000, #0
            x: 0.000000
            y: 0.371113 ]