header: #0
   id: #0
      handle: 6926867775587418103
   type: 2
   position: #0
      x: -1.099196
      y: 3.204441
resource: #0
   handle: 6926860746509991135
data: #1
   rotation: -3.139923
   size: #0
      x: 1.000000
      y: 1.000000
   color: #0
      x: 1.000000
      y: 1.000000
      z: 1.000000
      w: 1.000000
body: #1
   type: 0
   imass: 0.000000
   drag: 5.000000
   restitution: 0.000000
   gravity: 0.000000
   transform: #0
      p: #0
         x: -1.099196
         y: 3.204441
      xform: 
         rows: [ #0
            x: -0.999999
            y: 0.001668, #0
            x: -0.001668
            y: -0.999999 ]