header: #0
   id: #0
      handle: 6926876973197922772
   type: 2
   position: #0
      x: -3.512867
      y: 4.347215
resource: #0
   handle: 6926876976169795315
data: #1
   rotation: -0.720947
   size: #0
      x: 1.923520
      y: 1.000000
   color: #0
      x: 1.000000
      y: 1.000000
      z: 1.000000
      w: 1.000000
body: #1
   type: 0
   imass: 0.000000
   drag: 5.000000
   restitution: 0.500000
   gravity: 0.000000
   transform: #0
      p: #0
         x: -3.512867
         y: 4.347215
      xform: 
         rows: [ #0
            x: 1.444911
            y: 0.660097, #0
            x: -1.269709
            y: 0.751181 ]