header: #0
   id: #0
      handle: 6926879178889362909
   type: 2
   position: #0
      x: -3.999459
      y: 8.546082
resource: #0
   handle: 6926876976169795315
data: #1
   rotation: -2.022424
   size: #0
      x: 1.923520
      y: 1.000000
   color: #0
      x: 1.000000
      y: 1.000000
      z: 1.000000
      w: 1.000000
body: #1
   type: 0
   imass: 0.000000
   drag: 5.000000
   restitution: 0.000000
   gravity: 0.000000
   transform: #0
      p: #0
         x: -3.999459
         y: 8.546082
      xform: 
         rows: [ #0
            x: -0.839482
            y: 0.899738, #0
            x: -1.730664
            y: -0.436430 ]