header: #0
   id: #0
      handle: 6926879465017146347
   type: 2
   position: #0
      x: 5.070946
      y: 6.600639
resource: #0
   handle: 6926876976169795315
data: #1
   rotation: -4.927886
   size: #0
      x: 1.923520
      y: 1.000000
   color: #0
      x: 1.000000
      y: 1.000000
      z: 1.000000
      w: 1.000000
body: #1
   type: 0
   imass: 0.000000
   drag: 5.000000
   restitution: 0.000000
   gravity: 0.000000
   transform: #0
      p: #0
         x: 5.070946
         y: 6.600639
      xform: 
         rows: [ #0
            x: 0.411315
            y: -0.976870, #0
            x: 1.879029
            y: 0.213834 ]