header: #0
   id: #0
      handle: 6926885839009320726
   type: 2
   position: #0
      x: -2.731793
      y: 4.876250
resource: #0
   handle: 6926885837700244027
data: #1
   rotation: -0.755065
   size: #0
      x: 1.000000
      y: 1.463262
   color: #0
      x: 1.000000
      y: 1.000000
      z: 1.000000
      w: 1.000000
body: #1
   type: 0
   imass: 0.000000
   drag: 5.000000
   restitution: 0.000000
   gravity: 0.000000
   transform: #0
      p: #0
         x: -2.731793
         y: 4.876250
      xform: 
         rows: [ #0
            x: 0.728227
            y: 1.002826, #0
            x: -0.685336
            y: 1.065588 ]