header: #0
   id: #0
      handle: 6926880089111981819
   type: 2
   position: #0
      x: -2.047341
      y: 10.717648
resource: #0
   handle: 6926876976169795315
data: #1
   rotation: -2.378560
   size: #0
      x: 3.012892
      y: 1.000000
   color: #0
      x: 1.000000
      y: 1.000000
      z: 1.000000
      w: 1.000000
body: #1
   type: 0
   imass: 0.000000
   drag: 5.000000
   restitution: 0.500000
   gravity: 0.000000
   transform: #0
      p: #0
         x: -2.047341
         y: 10.717648
      xform: 
         rows: [ #0
            x: -2.314759
            y: 0.950166, #0
            x: -1.583975
            y: -0.651407 ]