header: #0
   id: #0
      handle: 6926880017468801023
   type: 2
   position: #0
      x: 3.564786
      y: 10.429397
resource: #0
   handle: 6926876976169795315
data: #1
   rotation: -3.826331
   size: #0
      x: 1.923520
      y: 1.000000
   color: #0
      x: 1.000000
      y: 1.000000
      z: 1.000000
      w: 1.000000
body: #1
   type: 0
   imass: 0.000000
   drag: 5.000000
   restitution: 0.000000
   gravity: 0.000000
   transform: #0
      p: #0
         x: 3.564786
         y: 10.429397
      xform: 
         rows: [ #0
            x: -1.489926
            y: -0.632472, #0
            x: 1.216572
            y: -0.774584 ]