header: #0
   id: #0
      handle: 6926880271818170969
   type: 2
   position: #0
      x: 0.324587
      y: 11.454357
resource: #0
   handle: 6926876976169795315
data: #1
   rotation: -3.015078
   size: #0
      x: 1.923520
      y: 1.000000
   color: #0
      x: 1.000000
      y: 1.000000
      z: 1.000000
      w: 1.000000
body: #1
   type: 0
   imass: 0.000000
   drag: 5.000000
   restitution: 0.500000
   gravity: 0.000000
   transform: #0
      p: #0
         x: 0.324587
         y: 11.454357
      xform: 
         rows: [ #0
            x: -1.908145
            y: 0.126178, #0
            x: -0.242706
            y: -0.992007 ]