header: #0
   id: #0
      handle: 6926892667540159197
   type: 2
   position: #0
      x: 6.099869
      y: 7.449302
resource: #0
   handle: 6926868378442310734
data: #1
   rotation: -7.874663
   size: #0
      x: 2.709009
      y: 0.513226
   color: #0
      x: 1.000000
      y: 1.000000
      z: 1.000000
      w: 1.000000
body: #1
   type: 0
   imass: 0.000000
   drag: 5.000000
   restitution: 0.000000
   gravity: 0.000000
   transform: #0
      p: #0
         x: 6.099869
         y: 7.449302
      xform: 
         rows: [ #0
            x: -0.056023
            y: 0.464760, #0
            x: -2.990226
            y: -0.010614 ]