header: #0
   id: #0
      handle: 6926890221638246111
   type: 2
   position: #0
      x: -3.807177
      y: 0.781607
resource: #0
   handle: 6926868378442310734
data: #1
   rotation: -0.211170
   size: #0
      x: 2.971830
      y: 0.509959
   color: #0
      x: 1.000000
      y: 1.000000
      z: 1.000000
      w: 1.000000
body: #1
   type: 0
   imass: 0.000000
   drag: 5.000000
   restitution: 0.000000
   gravity: 0.000000
   transform: #0
      p: #0
         x: -3.807177
         y: 0.781607
      xform: 
         rows: [ #0
            x: 2.905815
            y: 0.106890, #0
            x: -0.622906
            y: 0.498631 ]