header: #0
   id: #0
      handle: 6926891090989593404
   type: 2
   position: #0
      x: 6.145143
      y: 2.249200
resource: #0
   handle: 6926868378442310734
data: #1
   rotation: -5.678176
   size: #0
      x: 2.971830
      y: 0.509959
   color: #0
      x: 1.000000
      y: 1.000000
      z: 1.000000
      w: 1.000000
body: #1
   type: 0
   imass: 0.000000
   drag: 5.000000
   restitution: 0.000000
   gravity: 0.000000
   transform: #0
      p: #0
         x: 6.145143
         y: 2.249200
      xform: 
         rows: [ #0
            x: 2.444315
            y: -0.290050, #0
            x: 1.690290
            y: 0.419439 ]