header: #0
   id: #0
      handle: 6926868382479373690
   type: 2
   position: #0
      x: -0.456689
      y: 3.538453
resource: #0
   handle: 6926868378442310734
data: #1
   rotation: -1.571251
   size: #0
      x: 1.662862
      y: 0.285343
   color: #0
      x: 1.000000
      y: 1.000000
      z: 1.000000
      w: 1.000000
body: #1
   type: 0
   imass: 0.000000
   drag: 5.000000
   restitution: 0.000000
   gravity: 0.000000
   transform: #0
      p: #0
         x: -0.456689
         y: 3.538453
      xform: 
         rows: [ #0
            x: -0.000756
            y: 0.285343, #0
            x: -1.662862
            y: -0.000130 ]