header: #0
   id: #0
      handle: 6926869150899888126
   type: 2
   position: #0
      x: 0.521255
      y: 3.538316
resource: #0
   handle: 6926868378442310734
data: #1
   rotation: -4.708564
   size: #0
      x: 1.662862
      y: 0.285343
   color: #0
      x: 1.000000
      y: 1.000000
      z: 1.000000
      w: 1.000000
body: #1
   type: 0
   imass: 0.000000
   drag: 5.000000
   restitution: 0.000000
   gravity: 0.000000
   transform: #0
      p: #0
         x: 0.521255
         y: 3.538316
      xform: 
         rows: [ #0
            x: -0.006355
            y: -0.285341, #0
            x: 1.662850
            y: -0.001090 ]