header: #0
   id: #0
      handle: 6926892507402681534
   type: 2
   position: #0
      x: 3.368827
      y: 11.676810
resource: #0
   handle: 6926868378442310734
data: #1
   rotation: -6.671387
   size: #0
      x: 3.054630
      y: 0.508321
   color: #0
      x: 1.000000
      y: 1.000000
      z: 1.000000
      w: 1.000000
body: #1
   type: 0
   imass: 0.000000
   drag: 5.000000
   restitution: 0.000000
   gravity: 0.000000
   transform: #0
      p: #0
         x: 3.368827
         y: 11.676810
      xform: 
         rows: [ #0
            x: 2.827334
            y: 0.198411, #0
            x: -1.121299
            y: 0.470496 ]