header: #0
   id: #0
      handle: 6927196674339982376
   type: 2
   position: #0
      x: 8.075908
      y: 9.300533
resource: #0
   handle: 6926876976169795315
data: #1
   rotation: -4.154528
   size: #0
      x: 1.923520
      y: 1.000000
   color: #0
      x: 1.000000
      y: 1.000000
      z: 1.000000
      w: 1.000000
body: #1
   type: 0
   imass: 0.000000
   drag: 5.000000
   restitution: 0.000000
   gravity: 0.000000
   transform: #0
      p: #0
         x: 8.075908
         y: 9.300533
      xform: 
         rows: [ #0
            x: -1.018255
            y: -0.848390, #0
            x: 1.631896
            y: -0.529371 ]