header: #0
   id: #0
      handle: 6933993548537875654
   type: 0
   position: #0
      x: 0.008425
      y: 0.655151
data: #0
   distance: 0.117090
   target_position: #0
      x: 0.008425
      y: 0.655151
   target_distance: 0.117090
   follow_factor: 1.000000
   zoom_factor: 1.000000
   behaviour: 0