header: #0
   id: #0
      handle: 6934230859006729183
   type: 2
   position: #0
      x: 10.807104
      y: -1.567207
resource: #0
   handle: 6926876976169795315
data: #1
   rotation: -6.309493
   size: #0
      x: 3.603248
      y: 1.873257
   color: #0
      x: 1.000000
      y: 1.000000
      z: 1.000000
      w: 1.000000
body: #1
   type: 0
   imass: 0.000000
   drag: 5.000000
   restitution: 0.500000
   gravity: 0.000000
   transform: #0
      p: #0
         x: 10.807104
         y: -1.567207
      xform: 
         rows: [ #0
            x: 3.601998
            y: 0.049274, #0
            x: -0.094776
            y: 1.872608 ]