header: #0
   id: #0
      handle: 6934230051153747295
   type: 2
   position: #0
      x: 6.633803
      y: -4.468355
resource: #0
   handle: 6926868378442310734
data: #1
   rotation: -7.274502
   size: #0
      x: 4.289914
      y: 0.472550
   color: #0
      x: 1.000000
      y: 1.000000
      z: 1.000000
      w: 1.000000
body: #1
   type: 0
   imass: 0.000000
   drag: 5.000000
   restitution: 0.000000
   gravity: 0.000000
   transform: #0
      p: #0
         x: 6.633803
         y: -4.468355
      xform: 
         rows: [ #0
            x: 2.325872
            y: 0.395477, #0
            x: -3.605463
            y: 0.258530 ]