header: #0
   id: #0
      handle: 6934194753882370036
   type: 2
   position: #0
      x: 0.444733
      y: 16.787127
resource: #0
   handle: 6926885837700244027
data: #1
   rotation: -6.282900
   size: #0
      x: 1.000000
      y: 1.463262
   color: #0
      x: 1.000000
      y: 1.000000
      z: 1.000000
      w: 1.000000
body: #1
   type: 0
   imass: 0.000000
   drag: 5.000000
   restitution: 0.500000
   gravity: 0.000000
   transform: #0
      p: #0
         x: 0.444733
         y: 16.787127
      xform: 
         rows: [ #0
            x: 1.000000
            y: -0.000417, #0
            x: 0.000285
            y: 1.463263 ]