header: #0
   id: #0
      handle: 6934230627272264454
   type: 2
   position: #0
      x: -0.075744
      y: -5.353968
resource: #0
   handle: 6926887501941402615
data: #1
   rotation: 0.000000
   size: #0
      x: 1.492383
      y: 1.458350
   color: #0
      x: 1.000000
      y: 1.000000
      z: 1.000000
      w: 1.000000
body: #1
   type: 0
   imass: 0.000000
   drag: 5.000000
   restitution: 0.000000
   gravity: 0.000000
   transform: #0
      p: #0
         x: -0.075744
         y: -5.353968
      xform: 
         rows: [ #0
            x: 1.492380
            y: 0.000000, #0
            x: 0.000000
            y: 1.458347 ]