header: #0
   id: #0
      handle: 6934234152378767351
   type: 2
   position: #0
      x: 12.185058
      y: 17.800261
resource: #0
   handle: 6934233441938031740
data: #1
   rotation: 0.036351
   size: #0
      x: 1.760299
      y: 1.760299
   color: #0
      x: 1.000000
      y: 1.000000
      z: 1.000000
      w: 1.000000
body: #1
   type: 0
   imass: 0.000000
   drag: 5.000000
   restitution: 0.000000
   gravity: 0.000000
   transform: #0
      p: #0
         x: 12.185058
         y: 17.800261
      xform: 
         rows: [ #0
            x: 1.759135
            y: -0.063974, #0
            x: 0.063974
            y: 1.759135 ]