header: #0
   id: #0
      handle: 6934187619361260202
   type: 2
   position: #0
      x: -4.092203
      y: 15.172589
resource: #0
   handle: 6926868378442310734
data: #1
   rotation: -2.284629
   size: #0
      x: 2.971830
      y: 0.509959
   color: #0
      x: 1.000000
      y: 1.000000
      z: 1.000000
      w: 1.000000
body: #1
   type: 0
   imass: 0.000000
   drag: 5.000000
   restitution: 0.000000
   gravity: 0.000000
   transform: #0
      p: #0
         x: -4.092203
         y: 15.172589
      xform: 
         rows: [ #0
            x: -1.945761
            y: 0.385457, #0
            x: -2.246283
            y: -0.333888 ]