header: #0
   id: #0
      handle: 6934194303599425021
   type: 2
   position: #0
      x: 5.271368
      y: 10.263865
resource: #0
   handle: 6926885837700244027
data: #1
   rotation: -0.962364
   size: #0
      x: 1.084484
      y: 1.586885
   color: #0
      x: 1.000000
      y: 1.000000
      z: 1.000000
      w: 1.000000
body: #1
   type: 0
   imass: 0.000000
   drag: 5.000000
   restitution: 0.500000
   gravity: 0.000000
   transform: #0
      p: #0
         x: 5.271368
         y: 10.263865
      xform: 
         rows: [ #0
            x: 0.619871
            y: 1.302111, #0
            x: -0.889869
            y: 0.907035 ]