header: #0
   id: #0
      handle: 6934194982513016567
   type: 2
   position: #0
      x: 3.317972
      y: 13.219020
resource: #0
   handle: 6926881986672564194
data: #1
   rotation: 0.000000
   size: #0
      x: 2.014743
      y: 1.000000
   color: #0
      x: 1.000000
      y: 1.000000
      z: 1.000000
      w: 1.000000
body: #1
   type: 0
   imass: 0.000000
   drag: 5.000000
   restitution: 0.500000
   gravity: 0.000000
   transform: #0
      p: #0
         x: 3.317972
         y: 13.219020
      xform: 
         rows: [ #0
            x: 2.014743
            y: 0.000000, #0
            x: 0.000000
            y: 1.000000 ]