header: #0
   id: #0
      handle: 6934233443498677684
   type: 2
   position: #0
      x: 14.126266
      y: 1.928421
resource: #0
   handle: 6934233441938031740
data: #1
   rotation: 0.036351
   size: #0
      x: 2.655804
      y: 2.655804
   color: #0
      x: 1.000000
      y: 1.000000
      z: 1.000000
      w: 1.000000
body: #1
   type: 0
   imass: 0.000000
   drag: 5.000000
   restitution: 0.000000
   gravity: 0.000000
   transform: #0
      p: #0
         x: 14.126266
         y: 1.928421
      xform: 
         rows: [ #0
            x: 2.654048
            y: -0.096520, #0
            x: 0.096520
            y: 2.654048 ]