header: #0
   id: #0
      handle: 6934195457975107262
   type: 2
   position: #0
      x: -5.114734
      y: 12.279807
resource: #0
   handle: 6926885837700244027
data: #1
   rotation: -2.146007
   size: #0
      x: 1.084484
      y: 1.586885
   color: #0
      x: 1.000000
      y: 1.000000
      z: 1.000000
      w: 1.000000
body: #1
   type: 0
   imass: 0.000000
   drag: 5.000000
   restitution: 0.500000
   gravity: 0.000000
   transform: #0
      p: #0
         x: -5.114734
         y: 12.279807
      xform: 
         rows: [ #0
            x: -0.589975
            y: 1.331519, #0
            x: -0.909964
            y: -0.863287 ]