header: #0
   id: #0
      handle: 6934229615646343121
   type: 2
   position: #0
      x: -6.359547
      y: -0.102646
resource: #0
   handle: 6926868378442310734
data: #1
   rotation: -5.364759
   size: #0
      x: 2.971830
      y: 0.509959
   color: #0
      x: 1.000000
      y: 1.000000
      z: 1.000000
      w: 1.000000
body: #1
   type: 0
   imass: 0.000000
   drag: 5.000000
   restitution: 0.000000
   gravity: 0.000000
   transform: #0
      p: #0
         x: -6.359547
         y: -0.102646
      xform: 
         rows: [ #0
            x: 1.804099
            y: -0.405237, #0
            x: 2.361559
            y: 0.309579 ]