header: #0
   id: #0
      handle: 6934233202848029693
   type: 2
   position: #0
      x: 10.689665
      y: 8.066779
resource: #0
   handle: 6926860746509991135
data: #1
   rotation: -6.314636
   size: #0
      x: 1.304096
      y: 1.313749
   color: #0
      x: 1.000000
      y: 1.000000
      z: 1.000000
      w: 1.000000
body: #1
   type: 0
   imass: 0.000000
   drag: 5.000000
   restitution: 0.000000
   gravity: 0.000000
   transform: #0
      p: #0
         x: 10.689665
         y: 8.066779
      xform: 
         rows: [ #0
            x: 1.303451
            y: 0.041010, #0
            x: -0.041314
            y: 1.313101 ]