header: #0
   id: #0
      handle: 6934231791591828348
   type: 2
   position: #0
      x: -13.334801
      y: 15.331686
resource: #0
   handle: 6926868378442310734
data: #1
   rotation: -9.810901
   size: #0
      x: 4.289914
      y: 0.472550
   color: #0
      x: 1.000000
      y: 1.000000
      z: 1.000000
      w: 1.000000
body: #1
   type: 0
   imass: 0.000000
   drag: 5.000000
   restitution: 0.000000
   gravity: 0.000000
   transform: #0
      p: #0
         x: -13.334801
         y: 15.331686
      xform: 
         rows: [ #0
            x: -3.964003
            y: -0.178154, #0
            x: 1.641861
            y: -0.437608 ]