header: #0
   id: #0
      handle: 6934232822828990110
   type: 2
   position: #0
      x: -14.342090
      y: 7.664983
resource: #0
   handle: 6926885837700244027
data: #1
   rotation: -6.276955
   size: #0
      x: 1.251069
      y: 2.125484
   color: #0
      x: 1.000000
      y: 1.000000
      z: 1.000000
      w: 1.000000
body: #1
   type: 0
   imass: 0.000000
   drag: 5.000000
   restitution: 0.500000
   gravity: 0.000000
   transform: #0
      p: #0
         x: -14.342090
         y: 7.664983
      xform: 
         rows: [ #0
            x: 1.251170
            y: -0.004959, #0
            x: 0.013451
            y: 2.125262 ]