header: #0
   id: #0
      handle: 6934195411955691141
   type: 2
   position: #0
      x: 6.463939
      y: 12.239245
resource: #0
   handle: 6926885837700244027
data: #1
   rotation: -3.939569
   size: #0
      x: 1.084484
      y: 1.586885
   color: #0
      x: 1.000000
      y: 1.000000
      z: 1.000000
      w: 1.000000
body: #1
   type: 0
   imass: 0.000000
   drag: 5.000000
   restitution: 0.500000
   gravity: 0.000000
   transform: #0
      p: #0
         x: 6.463939
         y: 12.239245
      xform: 
         rows: [ #0
            x: -0.757138
            y: -1.136124, #0
            x: 0.776433
            y: -1.107894 ]