header: #0
   id: #0
      handle: 6934186303707567272
   type: 2
   position: #0
      x: -6.984343
      y: 10.165595
resource: #0
   handle: 6926868378442310734
data: #1
   rotation: -1.878288
   size: #0
      x: 2.971830
      y: 0.509959
   color: #0
      x: 1.000000
      y: 1.000000
      z: 1.000000
      w: 1.000000
body: #1
   type: 0
   imass: 0.000000
   drag: 5.000000
   restitution: 0.000000
   gravity: 0.000000
   transform: #0
      p: #0
         x: -6.984343
         y: 10.165595
      xform: 
         rows: [ #0
            x: -0.899481
            y: 0.486039, #0
            x: -2.832438
            y: -0.154349 ]