header: #0
   id: #0
      handle: 6934231792570181598
   type: 2
   position: #0
      x: 13.624031
      y: 7.892823
resource: #0
   handle: 6926868378442310734
data: #1
   rotation: -8.155155
   size: #0
      x: 4.289914
      y: 0.472550
   color: #0
      x: 1.000000
      y: 1.000000
      z: 1.000000
      w: 1.000000
body: #1
   type: 0
   imass: 0.000000
   drag: 5.000000
   restitution: 0.000000
   gravity: 0.000000
   transform: #0
      p: #0
         x: 13.624031
         y: 7.892823
      xform: 
         rows: [ #0
            x: -1.299610
            y: 0.451146, #0
            x: -4.089015
            y: -0.140382 ]