header: #0
   id: #0
      handle: 6934187897043184682
   type: 2
   position: #0
      x: 3.252189
      y: 17.118547
resource: #0
   handle: 6926868378442310734
data: #1
   rotation: -3.840457
   size: #0
      x: 2.971830
      y: 0.509959
   color: #0
      x: 1.000000
      y: 1.000000
      z: 1.000000
      w: 1.000000
body: #1
   type: 0
   imass: 0.000000
   drag: 5.000000
   restitution: 0.000000
   gravity: 0.000000
   transform: #0
      p: #0
         x: 3.252189
         y: 17.118547
      xform: 
         rows: [ #0
            x: -2.275156
            y: -0.328079, #0
            x: 1.911907
            y: -0.390411 ]