header: #0
   id: #0
      handle: 6934194064951991163
   type: 2
   position: #0
      x: 2.634620
      y: 6.596691
resource: #0
   handle: 6926883273827412988
data: #1
   rotation: 0.000000
   size: #0
      x: 2.097095
      y: 1.225464
   color: #0
      x: 1.000000
      y: 1.000000
      z: 1.000000
      w: 1.000000
body: #1
   type: 0
   imass: 0.000000
   drag: 5.000000
   restitution: 0.500000
   gravity: 0.000000
   transform: #0
      p: #0
         x: 2.634620
         y: 6.596691
      xform: 
         rows: [ #0
            x: 2.097095
            y: 0.000000, #0
            x: 0.000000
            y: 1.225464 ]