header: #0
   id: #0
      handle: 6934194212592529086
   type: 2
   position: #0
      x: -3.943115
      y: 10.351626
resource: #0
   handle: 6926885837700244027
data: #1
   rotation: -5.442046
   size: #0
      x: 1.000000
      y: 1.463262
   color: #0
      x: 1.000000
      y: 1.000000
      z: 1.000000
      w: 1.000000
body: #1
   type: 0
   imass: 0.000000
   drag: 5.000000
   restitution: 0.500000
   gravity: 0.000000
   transform: #0
      p: #0
         x: -3.943115
         y: 10.351626
      xform: 
         rows: [ #0
            x: 0.666613
            y: -1.090721, #0
            x: 0.745405
            y: 0.975431 ]