header: #0
   id: #0
      handle: 6934225817156975346
   type: 2
   position: #0
      x: -2.401956
      y: 22.469591
resource: #0
   handle: 6934224075144700473
data: #1
   rotation: -0.061562
   size: #0
      x: 1.000000
      y: 1.000000
   color: #0
      x: 1.000000
      y: 1.000000
      z: 1.000000
      w: 1.000000
body: #1
   type: 0
   imass: 0.000000
   drag: 5.000000
   restitution: 0.000000
   gravity: 0.000000
   transform: #0
      p: #0
         x: -2.401956
         y: 22.469591
      xform: 
         rows: [ #0
            x: 0.998106
            y: 0.061523, #0
            x: -0.061523
            y: 0.998106 ]