header: #0
   id: #0
      handle: 6898367654786918287
   type: 2
   position: #0
      x: -0.739803
      y: 0.000000
resource: #0
   id: #0
      handle: 6898367654786918287
   fixture_id: #0
      handle: 6895733818091600993
data: #0
   color: #0
      x: 1.000000
      y: 1.000000
      z: 1.000000
      w: 1.000000
body: #0
   type: 0
   imass: 0.000000
   drag: 5.000000
   restitution: 0.000000
   transform: #0
      p: #0
         x: -0.739803
         y: 0.000000
      xform: 
         rows: [ #0
            x: 0.639627
            y: -0.768686, #0
            x: 0.768686
            y: 0.639627 ]